CORRECT EDITS  : 1166
PROPOSED EDITS : 1665
GOLD EDITS     : 2619
P = 0.7003003003
R = 0.445208094693
F_0.5 = 0.628300463412
Precision   : 0.7003
Recall      : 0.4452
F_0.5       : 0.6283